paleta1<-c("#bf4a6c", "#ba4c46", "#b85529","#bc8341","#cd9c2e","#a69f3e","#aaa85b","#8fb63e","#558335",
           "#62c36f","#45c097","#5794d7","#5486e5","#4f54b7","#8e78e5","#a083d1",
           "#543585","#c36cc8","#8a286a","#d870af")


paleta2<-c("#cda05f",
          "#6d47cc",
          "#62c142",
          "#ca4ccf",
          "#bab732",
          "#4e55a0",
          "#dc8d2e",
          "#8090df",
          "#de4630",
          "#4cb4d2",
          "#db3f7f",
          "#5ac08d",
          "#893e8a",
          "#91a653",
          "#d888c7",
          "#3c7539",
          "#973e5e",
          "#7c5f25",
          "#dc7b6c",
          "#993929")