#palettes generated using: http://tools.medialab.sciences-po.fr/iwanthue/

paleta16_sorted<-c("#d54262",
"#d13735",
"#e97d56",
"#e75821",
"#ae5323",
"#ce922f",
"#bdb33a",
"#92c041",
"#538a2c",
"#58c93b",
"#51c578",
"#5774da",
"#874cdd",
"#a967c5",
"#d346c7",
"#d14c90")

#H0-360, C45-100, L45-100
paleta14_sorted<-c("#e15060",
                   "#e3472f",
                   "#e76d25",
                   "#cd7937",
                   "#d1a939",
                   "#ccdf34",
                   "#c2e06e",
                   "#7d9c30",
                   "#6cde51",
                   "#4bad55",
                   "#5de7ab",
                   "#8a7ee3",
                   "#c655d7",
                   "#e0569d")