#palettes generated using: http://tools.medialab.sciences-po.fr/iwanthue/

paleta18_sorted<-c( #10-350/40-100/35-85
  "#cf4e5b",
  "#de4a29",
  "#bd673a",
  "#d19a3e",
  "#bdbe37",
  "#647b29",
  "#a0c266",
  "#6cce3d",
  "#52b65a",
  "#47c39d",
  "#5c82d1",
  "#6061d7",
  "#8f46da",
  "#c083de",
  "#cf49d5",
  "#924892",
  "#d843ae",
  "#d97ab5"
)

paleta16_sorted<-c("#d54262",
"#d13735",
"#e97d56",
"#e75821",
"#ae5323",
"#ce922f",
"#bdb33a",
"#92c041",
"#538a2c",
"#58c93b",
"#51c578",
"#5774da",
"#874cdd",
"#a967c5",
"#d346c7",
"#d14c90")