#palettes generated using: http://tools.medialab.sciences-po.fr/iwanthue/

paleta18_sorted<-c( #10-350/40-100/35-85
  "#cf4e5b",
  "#de4a29",
  "#bd673a",
  "#d19a3e",
  "#bdbe37",
  "#647b29",
  "#a0c266",
  "#6cce3d",
  "#52b65a",
  "#47c39d",
  "#5c82d1",
  "#6061d7",
  "#8f46da",
  "#c083de",
  "#cf49d5",
  "#924892",
  "#d843ae",
  "#d97ab5"
)

paleta20_sorted<-c( # 10-360; 50-100; 10-80
  "#e2364f",
  "#bc444c",
  "#da4527",
  "#c56230",
  "#ea9d38",
  "#b57f25",
  "#c3b53d",
  "#809228",
  "#8fc038",
  "#52bd3b",
  "#3d872e",
  "#49d834",
  "#59c065",
  "#30c88a",
  "#737ada",
  "#6d5bdb",
  "#7432c9",
  "#592989",
  "#d051d3",
  "#c74a97"
)

paleta25_sorted<-c("#da526e",
  "#de3245",
  "#a23c35",
  "#d76952",
  "#e73c1e",
  "#d05e21",
  "#d28851",
  "#cd8727",
  "#dfbb24",
  "#ccb253",
  "#7b7120",
  "#aece39",
  "#95af3b",
  "#97bb69",
  "#4c8f2b",
  "#5cce3e",
  "#89d372",
  "#3e9358",
  "#4bcf7b",
  "#4fd2b7",
  "#617cd0",
  "#7357d6",
  "#bf47d7",
  "#bf74c0",
  "#cb419b")