paleta1<-c("#bf4a6c", "#ba4c46", "#b85529","#bc8341","#cd9c2e","#a69f3e","#aaa85b","#8fb63e","#558335",
           "#62c36f","#45c097","#5794d7","#5486e5","#4f54b7","#8e78e5","#a083d1",
           "#543585","#c36cc8","#8a286a","#d870af")


paleta2<-c("#cda05f",
          "#6d47cc",
          "#62c142",
          "#ca4ccf",
          "#bab732",
          "#4e55a0",
          "#dc8d2e",
          "#8090df",
          "#de4630",
          "#4cb4d2",
          "#db3f7f",
          "#5ac08d",
          "#893e8a",
          "#91a653",
          "#d888c7",
          "#3c7539",
          "#973e5e",
          "#7c5f25",
          "#dc7b6c",
          "#993929")

paleta3_sorted<-c(
  "#e85178",
  "#ea5b3f",
  "#d77d31",
  "#d8a438",
  "#e0d533",
  "#dad767",
  "#9a9b2d",
  "#b9e333",
  "#aee16c",
  "#6aa434",
  "#6fdf3f",
  "#62dd6a",
  "#3eaf60",
  "#5aebae",
  "#6685eb",
  "#ab64ef",
  "#be77d6",
  "#e54dd3",
  "#e35fae"
)

paleta16_sorted<-c("#d54262",
"#d13735",
"#e97d56",
"#e75821",
"#ae5323",
"#ce922f",
"#bdb33a",
"#92c041",
"#538a2c",
"#58c93b",
"#51c578",
"#5774da",
"#874cdd",
"#a967c5",
"#d346c7",
"#d14c90")