#palettes generated using: http://tools.medialab.sciences-po.fr/iwanthue/

paleta18_sorted<-c( #10-350/40-100/35-85
  "#cf4e5b",
  "#de4a29",
  "#bd673a",
  "#d19a3e",
  "#bdbe37",
  "#647b29",
  "#a0c266",
  "#6cce3d",
  "#52b65a",
  "#47c39d",
  "#5c82d1",
  "#6061d7",
  "#8f46da",
  "#c083de",
  "#cf49d5",
  "#924892",
  "#d843ae",
  "#d97ab5"
)

paleta20_sorted<-c( # 10-360; 50-100; 10-80
  "#e2364f",
  "#bc444c",
  "#da4527",
  "#c56230",
  "#ea9d38",
  "#b57f25",
  "#c3b53d",
  "#809228",
  "#8fc038",
  "#52bd3b",
  "#3d872e",
  "#49d834",
  "#59c065",
  "#30c88a",
  "#737ada",
  "#6d5bdb",
  "#7432c9",
  "#592989",
  "#d051d3",
  "#c74a97"
)

paleta25_sorted<-c("#da526e",
  "#de3245",
  "#a23c35",
  "#d76952",
  "#e73c1e",
  "#d05e21",
  "#d28851",
  "#cd8727",
  "#dfbb24",
  "#ccb253",
  "#7b7120",
  "#aece39",
  "#95af3b",
  "#97bb69",
  "#4c8f2b",
  "#5cce3e",
  "#89d372",
  "#3e9358",
  "#4bcf7b",
  "#4fd2b7",
  "#617cd0",
  "#7357d6",
  "#bf47d7",
  "#bf74c0",
  "#cb419b")

paleta30<-c("#dd466e",
  "#d38b85",
  "#e25233",
  "#a2432c",
  "#693525",
  "#c48738",
  "#dcc435",
  "#c2b47b",
  "#b3be56",
  "#4b5827",
  "#a4da3f",
  "#5a9239",
  "#5ad54e",
  "#64d88f",
  "#84cea9",
  "#43866b",
  "#67ccda",
  "#5a9dcd",
  "#535c8a",
  "#747ad6",
  "#614ccf",
  "#b9a7d6",
  "#3e257c",
  "#8f32d0",
  "#3e1e42",
  "#cb55d8",
  "#853d89",
  "#d389c9",
  "#d544a4",
  "#92395c")
